$ANSIBLE_VAULT;1.1;AES256
35346661303535313731613131333436613030316362333538346665633162633035373863636238
3130396538333466366366653232383834316332366238340a633365353164393032353762643634
30656638613130373232356133383032313431353038326630663838326634353231303230303830
3038653765623632350a366564333964636435393234333263373262653939613063323035623563
64663935383465346130613262636433363662343736313338303832633662353664363731336531
34316237343234383235383861613536626232366537333333366439343035646662376433643338
65343039303661376666383836356536306637373934386264633731386237306332613063363039
62303937393935376137646137313361373263613339343461313933383237656134313233623064
61313562386264323838666331636161356538643238303863626262663737323061356335666139
33636630383039636164343332656462313032356436353931393330386634376233643466313963
62373639376231303030666633386539353131366566353136626335373765373233623036656261
31353264313461623231633838623761383933343961613135663934356630313632373631663431
65373335663435346239366232393133656230633630333939633039303466303064306533666438
35363534633338366566333363343265313761363133616336346237666664396631633239336362
38363730616532633563663339306262313535343832653362356433643931303731643364313738
32363465346534333133343765623465626230396365633161396365613461363139636232643839
34303438313431613263653334636434323230663066303563643036386434336361346537666230
64633766353735373362316331316266366630356139623064316662383961313136616266396466
36366437663739653765303532316161313336343931393464353366626636646235343064326233
32636336626132363431393435636338306462316562613764316366353935316537633565313166
66343931643239383935373933333161396137393863383862396535623762366465613662663466
33363430653739626365393361363161633832303932333935613539653236373461626134333436
61616533666565366565653962323136336539623439663933303662653832336265656166323364
33633033646538663166613033386265633330653037363236396438663962363366666331383736
33383061666136343365303334326662666462303531306437356263353438396166353831373663
31656161646330363339303733666332366535346465633433663035633737336162323731326264
66376134383538323263363132383661383664643534386333306263643463333565306565366234
37666665623130313864656563326139393263353236653131666562396537643837303663396439
38343433393634356439323566396465306666643662373030633438663434343636303732336136
61626462373639663166363833373861343231303865383435383466353963393162313335636337
31383465343061636539306432376161613332643032323563343332663138363264616338333635
35653139386333613134646532376464653036653565643137393433616632336230653666316632
39313536653962656538656635613438316263356339373637383132373039626663623261336630
35383338343165336637323337623032626165306466353435366466653838663736316163366230
63396566353331386630353231666437643731316131626337646433636365643162623636336565
66666563323331613134343733366533346461656138353537326233373636316230663432366235
34366136333333343835666631656530363637636638313038316433393262346432336231346130
3231326563366335623539353239303339373032393239666465
